0.000000000000000000e+00
1.661777496337890625e-04
2.813339233398437500e-05
2.932548522949218750e-05
3.671646118164062500e-05
1.740455627441406250e-05
-7.033348083496093750e-05
8.463859558105468750e-05
1.411437988281250000e-04
-7.033348083496093750e-05
1.170635223388671875e-04
8.940696716308593750e-05
1.697540283203125000e-04
1.637935638427734375e-04
6.675720214843750000e-06
1.170635223388671875e-04
-9.059906005859375000e-06
2.098083496093750000e-05
1.001358032226562500e-04
9.894371032714843750e-05
3.170967102050781250e-05
8.225440979003906250e-05
1.289844512939453125e-04
1.649856567382812500e-04
1.637935638427734375e-04
-5.102157592773437500e-05
1.170635223388671875e-04
-3.790855407714843750e-05
7.152557373046875000e-07
1.301765441894531250e-04
1.349449157714843750e-04
1.013278961181640625e-04
1.254081726074218750e-04
1.661777496337890625e-04
-4.029273986816406250e-05
1.621246337890625000e-05
-5.221366882324218750e-05
3.910064697265625000e-05
-7.867813110351562500e-06
6.532669067382812500e-05
1.001358032226562500e-04
8.225440979003906250e-05
2.098083496093750000e-05
9.536743164062500000e-05
2.574920654296875000e-05
-3.790855407714843750e-05
1.361370086669921875e-04
-2.217292785644531250e-05
1.111030578613281250e-04
7.987022399902343750e-05
-1.502037048339843750e-05
1.578330993652343750e-04
4.267692565917968750e-05
9.655952453613281250e-05
4.982948303222656250e-05
6.890296936035156250e-05
1.697540283203125000e-04
6.413459777832031250e-05
4.291534423828125000e-06
1.566410064697265625e-04
-6.413459777832031250e-05
-5.102157592773437500e-05
5.459785461425781250e-05
1.001358032226562500e-04
8.344650268554687500e-05
6.175041198730468750e-05
3.099441528320312500e-06
-2.574920654296875000e-05
-6.294250488281250000e-05
1.502037048339843750e-05
-1.263618469238281250e-05
-6.675720214843750000e-06
6.890296936035156250e-05
-1.502037048339843750e-05
1.242160797119140625e-04
9.655952453613281250e-05
7.867813110351562500e-06
1.025199890136718750e-05
1.025199890136718750e-04
-2.694129943847656250e-05
1.218318939208984375e-04
1.049041748046875000e-04
-6.413459777832031250e-05
6.055831909179687500e-05
1.087188720703125000e-04
3.170967102050781250e-05
1.459121704101562500e-04
-4.386901855468750000e-05
-4.625320434570312500e-05
1.978874206542968750e-05
4.148483276367187500e-05
1.859664916992187500e-05
-4.267692565917968750e-05
5.698204040527343750e-05
1.697540283203125000e-04
-4.863739013671875000e-05
1.385211944580078125e-04
7.987022399902343750e-05
1.337528228759765625e-04
3.290176391601562500e-05
1.337528228759765625e-04
3.290176391601562500e-05
1.242160797119140625e-04
1.530647277832031250e-04
1.301765441894531250e-04
-6.175041198730468750e-05
-6.175041198730468750e-05
7.033348083496093750e-05
6.055831909179687500e-05
8.463859558105468750e-05
9.417533874511718750e-05
2.932548522949218750e-05
6.413459777832031250e-05
-1.621246337890625000e-05
-5.578994750976562500e-05
-6.771087646484375000e-05
-4.506111145019531250e-05
-1.978874206542968750e-05
-3.552436828613281250e-05
-1.907348632812500000e-06
7.867813110351562500e-06
-2.694129943847656250e-05
7.152557373046875000e-07
3.552436828613281250e-05
1.502037048339843750e-05
2.574920654296875000e-05
-1.621246337890625000e-05
-1.621246337890625000e-05
